1000
99808099
99808098
99808097
99808096
99808095
99808094
99808093
99808092
99808091
99808090
99808089
99808088
99808087
99808086
99808085
99808084
99808083
99808082
99808081
99808080
99808079
99808078
99808077
99808076
99808075
99808074
99808073
99808072
99808071
99808070
99808069
99808068
99808067
99808066
99808065
99808064
99808063
99808062
99808061
99808060
99808059
99808058
99808057
99808056
99808055
99808054
99808053
99808052
99808051
99808050
99808049
99808048
99808047
99808046
99808045
99808044
99808043
99808042
99808041
99808040
99808039
99808038
99808037
99808036
99808035
99808034
99808033
99808032
99808031
99808030
99808029
99808028
99808027
99808026
99808025
99808024
99808023
99808022
99808021
99808020
99808019
99808018
99808017
99808016
99808015
99808014
99808013
99808012
99808011
99808010
99808009
99808008
99808007
99808006
99808005
99808004
99808003
99808002
99808001
99808000
99807999
99807998
99807997
99807996
99807995
99807994
99807993
99807992
99807991
99807990
99807989
99807988
99807987
99807986
99807985
99807984
99807983
99807982
99807981
99807980
99807979
99807978
99807977
99807976
99807975
99807974
99807973
99807972
99807971
99807970
99807969
99807968
99807967
99807966
99807965
99807964
99807963
99807962
99807961
99807960
99807959
99807958
99807957
99807956
99807955
99807954
99807953
99807952
99807951
99807950
99807949
99807948
99807947
99807946
99807945
99807944
99807943
99807942
99807941
99807940
99807939
99807938
99807937
99807936
99807935
99807934
99807933
99807932
99807931
99807930
99807929
99807928
99807927
99807926
99807925
99807924
99807923
99807922
99807921
99807920
99807919
99807918
99807917
99807916
99807915
99807914
99807913
99807912
99807911
99807910
99807909
99807908
99807907
99807906
99807905
99807904
99807903
99807902
99807901
99807900
99807899
99807898
99807897
99807896
99807895
99807894
99807893
99807892
99807891
99807890
99807889
99807888
99807887
99807886
99807885
99807884
99807883
99807882
99807881
99807880
99807879
99807878
99807877
99807876
99807875
99807874
99807873
99807872
99807871
99807870
99807869
99807868
99807867
99807866
99807865
99807864
99807863
99807862
99807861
99807860
99807859
99807858
99807857
99807856
99807855
99807854
99807853
99807852
99807851
99807850
99807849
99807848
99807847
99807846
99807845
99807844
99807843
99807842
99807841
99807840
99807839
99807838
99807837
99807836
99807835
99807834
99807833
99807832
99807831
99807830
99807829
99807828
99807827
99807826
99807825
99807824
99807823
99807822
99807821
99807820
99807819
99807818
99807817
99807816
99807815
99807814
99807813
99807812
99807811
99807810
99807809
99807808
99807807
99807806
99807805
99807804
99807803
99807802
99807801
99807800
99807799
99807798
99807797
99807796
99807795
99807794
99807793
99807792
99807791
99807790
99807789
99807788
99807787
99807786
99807785
99807784
99807783
99807782
99807781
99807780
99807779
99807778
99807777
99807776
99807775
99807774
99807773
99807772
99807771
99807770
99807769
99807768
99807767
99807766
99807765
99807764
99807763
99807762
99807761
99807760
99807759
99807758
99807757
99807756
99807755
99807754
99807753
99807752
99807751
99807750
99807749
99807748
99807747
99807746
99807745
99807744
99807743
99807742
99807741
99807740
99807739
99807738
99807737
99807736
99807735
99807734
99807733
99807732
99807731
99807730
99807729
99807728
99807727
99807726
99807725
99807724
99807723
99807722
99807721
99807720
99807719
99807718
99807717
99807716
99807715
99807714
99807713
99807712
99807711
99807710
99807709
99807708
99807707
99807706
99807705
99807704
99807703
99807702
99807701
99807700
99807699
99807698
99807697
99807696
99807695
99807694
99807693
99807692
99807691
99807690
99807689
99807688
99807687
99807686
99807685
99807684
99807683
99807682
99807681
99807680
99807679
99807678
99807677
99807676
99807675
99807674
99807673
99807672
99807671
99807670
99807669
99807668
99807667
99807666
99807665
99807664
99807663
99807662
99807661
99807660
99807659
99807658
99807657
99807656
99807655
99807654
99807653
99807652
99807651
99807650
99807649
99807648
99807647
99807646
99807645
99807644
99807643
99807642
99807641
99807640
99807639
99807638
99807637
99807636
99807635
99807634
99807633
99807632
99807631
99807630
99807629
99807628
99807627
99807626
99807625
99807624
99807623
99807622
99807621
99807620
99807619
99807618
99807617
99807616
99807615
99807614
99807613
99807612
99807611
99807610
99807609
99807608
99807607
99807606
99807605
99807604
99807603
99807602
99807601
99807600
99807599
99807598
99807597
99807596
99807595
99807594
99807593
99807592
99807591
99807590
99807589
99807588
99807587
99807586
99807585
99807584
99807583
99807582
99807581
99807580
99807579
99807578
99807577
99807576
99807575
99807574
99807573
99807572
99807571
99807570
99807569
99807568
99807567
99807566
99807565
99807564
99807563
99807562
99807561
99807560
99807559
99807558
99807557
99807556
99807555
99807554
99807553
99807552
99807551
99807550
99807549
99807548
99807547
99807546
99807545
99807544
99807543
99807542
99807541
99807540
99807539
99807538
99807537
99807536
99807535
99807534
99807533
99807532
99807531
99807530
99807529
99807528
99807527
99807526
99807525
99807524
99807523
99807522
99807521
99807520
99807519
99807518
99807517
99807516
99807515
99807514
99807513
99807512
99807511
99807510
99807509
99807508
99807507
99807506
99807505
99807504
99807503
99807502
99807501
99807500
99807499
99807498
99807497
99807496
99807495
99807494
99807493
99807492
99807491
99807490
99807489
99807488
99807487
99807486
99807485
99807484
99807483
99807482
99807481
99807480
99807479
99807478
99807477
99807476
99807475
99807474
99807473
99807472
99807471
99807470
99807469
99807468
99807467
99807466
99807465
99807464
99807463
99807462
99807461
99807460
99807459
99807458
99807457
99807456
99807455
99807454
99807453
99807452
99807451
99807450
99807449
99807448
99807447
99807446
99807445
99807444
99807443
99807442
99807441
99807440
99807439
99807438
99807437
99807436
99807435
99807434
99807433
99807432
99807431
99807430
99807429
99807428
99807427
99807426
99807425
99807424
99807423
99807422
99807421
99807420
99807419
99807418
99807417
99807416
99807415
99807414
99807413
99807412
99807411
99807410
99807409
99807408
99807407
99807406
99807405
99807404
99807403
99807402
99807401
99807400
99807399
99807398
99807397
99807396
99807395
99807394
99807393
99807392
99807391
99807390
99807389
99807388
99807387
99807386
99807385
99807384
99807383
99807382
99807381
99807380
99807379
99807378
99807377
99807376
99807375
99807374
99807373
99807372
99807371
99807370
99807369
99807368
99807367
99807366
99807365
99807364
99807363
99807362
99807361
99807360
99807359
99807358
99807357
99807356
99807355
99807354
99807353
99807352
99807351
99807350
99807349
99807348
99807347
99807346
99807345
99807344
99807343
99807342
99807341
99807340
99807339
99807338
99807337
99807336
99807335
99807334
99807333
99807332
99807331
99807330
99807329
99807328
99807327
99807326
99807325
99807324
99807323
99807322
99807321
99807320
99807319
99807318
99807317
99807316
99807315
99807314
99807313
99807312
99807311
99807310
99807309
99807308
99807307
99807306
99807305
99807304
99807303
99807302
99807301
99807300
99807299
99807298
99807297
99807296
99807295
99807294
99807293
99807292
99807291
99807290
99807289
99807288
99807287
99807286
99807285
99807284
99807283
99807282
99807281
99807280
99807279
99807278
99807277
99807276
99807275
99807274
99807273
99807272
99807271
99807270
99807269
99807268
99807267
99807266
99807265
99807264
99807263
99807262
99807261
99807260
99807259
99807258
99807257
99807256
99807255
99807254
99807253
99807252
99807251
99807250
99807249
99807248
99807247
99807246
99807245
99807244
99807243
99807242
99807241
99807240
99807239
99807238
99807237
99807236
99807235
99807234
99807233
99807232
99807231
99807230
99807229
99807228
99807227
99807226
99807225
99807224
99807223
99807222
99807221
99807220
99807219
99807218
99807217
99807216
99807215
99807214
99807213
99807212
99807211
99807210
99807209
99807208
99807207
99807206
99807205
99807204
99807203
99807202
99807201
99807200
99807199
99807198
99807197
99807196
99807195
99807194
99807193
99807192
99807191
99807190
99807189
99807188
99807187
99807186
99807185
99807184
99807183
99807182
99807181
99807180
99807179
99807178
99807177
99807176
99807175
99807174
99807173
99807172
99807171
99807170
99807169
99807168
99807167
99807166
99807165
99807164
99807163
99807162
99807161
99807160
99807159
99807158
99807157
99807156
99807155
99807154
99807153
99807152
99807151
99807150
99807149
99807148
99807147
99807146
99807145
99807144
99807143
99807142
99807141
99807140
99807139
99807138
99807137
99807136
99807135
99807134
99807133
99807132
99807131
99807130
99807129
99807128
99807127
99807126
99807125
99807124
99807123
99807122
99807121
99807120
99807119
99807118
99807117
99807116
99807115
99807114
99807113
99807112
99807111
99807110
99807109
99807108
99807107
99807106
99807105
99807104
99807103
99807102
99807101
99807100
