100
99808199
99808198
99808197
99808196
99808195
99808194
99808193
99808192
99808191
99808190
99808189
99808188
99808187
99808186
99808185
99808184
99808183
99808182
99808181
99808180
99808179
99808178
99808177
99808176
99808175
99808174
99808173
99808172
99808171
99808170
99808169
99808168
99808167
99808166
99808165
99808164
99808163
99808162
99808161
99808160
99808159
99808158
99808157
99808156
99808155
99808154
99808153
99808152
99808151
99808150
99808149
99808148
99808147
99808146
99808145
99808144
99808143
99808142
99808141
99808140
99808139
99808138
99808137
99808136
99808135
99808134
99808133
99808132
99808131
99808130
99808129
99808128
99808127
99808126
99808125
99808124
99808123
99808122
99808121
99808120
99808119
99808118
99808117
99808116
99808115
99808114
99808113
99808112
99808111
99808110
99808109
99808108
99808107
99808106
99808105
99808104
99808103
99808102
99808101
99808100
