97667009
97667004
97667022
97667005
97667015
97667028
97667023
97667054
97667014
97667057
97667052
97667056
97667058
97667055
97667038
97667047
97667045
97667043
97667042
97667044
97667016
97667053
97667059
97667051
97667062
97667073
97667072
97667050
97667040
97667064
97667039
97667010
97667001
97667003
97667002
97667049
97667024
97667048
97667007
97667011
97667006
97667017
97667080
97667008
97667046
97667082
97667083
97667069
97667086
97667068
97667079
97667076
97667075
97667078
97667077
97667019
97667018
97667041
97667065
97667067
97667071
97667063
97667066
97667037
97667036
97667035
97667034
97667033
97667032
97667031
97667030
97667029
97667094
97667027
97667026
97667025
97667085
97667100
97667092
97667021
97667020
97667098
97667089
97667060
97667061
97667099
97667097
97667013
97667012
97667095
97667081
97667093
97667084
97667088
97667096
97667070
97667074
97667091
97667087
97667090
